image: lab.pgm
resolution: 0.025000
origin: [-19.212500, -19.212500, 0.000000]
negate: 0
occupied_thresh: 0.65
free_thresh: 0.196

